319 164
1 409
1 224
1 455
1 274
1 472
6 137
6 173
6 242
6 242
6 242
6 242
6 269
6 274
320 176
320 451
320 460
7 224
2 274
8 190
8 438
8 438
8 438
8 224
10 164
10 412
10 267
10 472
11 197
330 434
330 434
330 434
330 470
13 60
13 96
13 122
13 163
13 176
13 416
13 220
13 228
13 228
13 228
13 276
21 391
21 173
21 242
22 60
22 96
22 96
22 122
22 122
22 122
22 122
22 122
22 122
22 163
22 426
22 208
22 228
22 276
22 304
5 135
5 253
24 22
24 29
24 351
24 60
24 96
24 96
24 122
24 122
24 122
24 122
24 208
24 208
24 208
24 228
24 472
24 276
29 71
29 419
29 208
29 304
34 5
34 26
34 135
34 135
34 410
34 436
34 436
34 453
34 453
34 300
34 310
334 92
334 175
36 60
36 395
36 395
36 417
36 270
37 7
37 7
37 362
37 161
37 161
37 419
37 468
37 468
37 468
37 471
26 436
40 319
42 451
341 413
341 451
341 261
46 6
45 406
343 437
345 351
345 75
345 208
345 481
52 481
53 34
53 169
53 410
53 436
53 436
53 451
53 453
53 453
55 435
55 267
350 224
351 36
66 164
68 7
68 88
68 379
68 109
68 116
68 116
68 116
68 116
68 164
68 164
68 164
68 164
68 164
68 164
68 164
68 164
68 164
68 164
68 427
68 427
68 209
68 209
68 471
68 472
68 472
69 320
69 320
69 320
69 415
69 436
364 88
364 116
364 112
364 161
364 180
364 209
364 209
364 471
365 34
365 135
75 168
75 173
75 242
75 242
75 242
75 242
75 242
75 242
367 7
80 406
80 209
81 13
81 13
81 395
81 395
88 68
88 68
88 382
88 382
88 164
88 164
88 164
88 164
88 164
88 164
88 164
88 406
88 209
88 209
88 471
88 472
88 472
88 472
88 472
88 472
88 472
88 472
89 468
374 351
374 60
374 103
374 395
374 395
374 395
374 176
374 413
374 413
374 451
91 320
91 320
91 320
91 13
91 29
91 351
91 374
91 374
91 96
91 103
91 110
91 158
91 176
91 413
91 438
91 242
91 451
91 452
91 470
91 273
91 285
92 351
377 327
377 128
377 407
377 407
377 407
377 267
377 267
377 267
377 267
377 267
377 267
377 267
377 267
377 267
377 267
377 267
377 267
377 267
377 267
377 267
377 267
377 267
377 267
377 267
377 267
377 267
377 271
377 271
377 471
99 242
99 242
99 242
103 53
103 395
103 158
103 158
103 164
103 451
104 197
104 197
104 281
379 164
379 164
379 164
379 164
379 452
379 452
379 267
382 57
382 88
382 88
382 209
382 471
382 472
382 472
383 464
383 464
109 135
109 472
384 168
384 242
384 242
384 242
384 269
116 471
116 472
112 164
112 164
112 180
112 471
387 103
119 438
122 13
122 276
126 267
105 326
105 407
391 80
391 168
391 173
391 175
391 242
391 242
391 242
391 242
131 345
131 351
131 384
131 384
131 384
131 168
131 173
131 173
131 173
131 173
131 175
131 434
131 242
131 242
131 242
131 242
131 242
131 242
131 242
131 242
131 242
131 242
131 242
131 242
131 242
131 242
131 242
131 242
131 462
131 464
131 269
131 269
131 468
132 22
135 437
106 436
141 360
141 267
140 208
395 320
395 324
395 13
395 29
395 47
395 47
395 47
395 47
395 47
395 351
395 351
395 103
395 103
395 103
395 387
395 158
395 158
395 158
395 178
395 179
395 413
395 413
395 413
395 415
395 416
395 416
395 417
395 417
395 208
395 208
395 436
395 439
395 451
395 452
395 261
395 261
395 261
395 470
147 224
152 17
152 22
154 407
154 435
156 267
156 267
158 29
158 395
164 471
164 472
163 29
163 122
163 419
163 426
406 382
406 164
168 481
407 362
407 178
407 412
407 435
407 252
407 267
407 267
407 267
169 399
169 436
169 453
173 1
173 1
173 60
173 96
173 242
174 37
174 84
174 161
174 161
174 161
174 468
174 471
175 6
175 137
175 242
175 242
175 242
175 242
175 463
175 481
176 80
176 96
176 387
176 413
176 416
176 451
176 451
176 285
178 351
178 91
178 103
178 393
180 362
180 472
410 34
410 34
410 26
411 395
184 88
184 382
413 387
413 395
413 270
190 52
190 443
190 224
190 253
193 164
194 164
416 351
416 465
196 468
417 22
417 472
197 104
197 104
197 104
197 104
197 104
197 104
418 395
419 122
200 407
200 419
200 435
200 267
201 419
201 481
424 122
424 122
424 122
424 304
182 7
182 242
182 242
182 242
182 242
182 242
182 242
202 351
202 395
202 395
202 395
427 161
204 40
209 301
213 164
436 53
436 453
436 453
436 285
437 135
437 453
438 190
438 419
438 224
439 320
439 320
439 13
439 387
439 395
439 395
439 395
439 176
439 413
439 413
439 415
439 470
439 470
441 135
220 224
228 13
228 13
228 47
228 47
228 47
228 201
228 208
228 208
228 208
228 208
446 416
223 96
223 419
242 140
242 173
242 173
242 175
242 269
242 269
242 269
242 481
242 481
224 438
247 267
451 320
451 452
452 96
452 176
248 470
453 169
249 452
454 135
454 436
454 436
454 436
253 267
254 122
244 242
455 472
257 122
460 320
460 96
460 103
460 415
461 224
461 224
266 464
463 131
463 242
463 242
463 242
463 242
463 242
463 242
463 242
464 6
464 6
464 6
464 242
464 242
464 242
464 242
464 242
464 242
464 242
464 242
464 242
464 242
464 269
267 327
267 164
268 96
467 416
269 242
269 242
269 242
468 98
468 164
468 413
270 104
270 267
469 111
469 190
469 190
469 419
470 320
470 413
272 320
272 351
272 351
272 395
272 415
272 415
272 470
272 273
273 415
471 323
471 68
471 88
471 88
471 109
471 116
471 164
471 164
471 164
471 164
471 164
471 412
471 427
471 209
471 472
471 472
471 472
471 472
472 37
472 96
472 406
472 175
472 412
472 417
473 274
276 208
474 271
477 412
477 472
477 472
277 327
278 224
281 104
285 419
286 269
289 40
289 40
289 274
289 472
290 436
290 436
291 12
295 472
480 209
298 327
301 164
301 164
301 427
301 209
301 472
301 472
301 472
301 472
304 276
481 173
484 48
484 68
484 68
484 164
484 180
484 471
484 472
485 399
485 410
485 410
485 436
310 135
310 135
310 436
310 252
317 395
317 419
317 228
317 261
489 60
