319 224
320 362
320 362
320 164
320 164
320 164
320 164
320 164
320 164
320 184
320 274
320 274
320 274
2 2
324 324
324 324
326 13
326 406
326 406
11 11
13 13
13 68
13 362
13 164
13 164
13 472
24 24
24 164
24 209
24 471
34 150
34 150
34 415
34 201
34 253
34 472
34 281
334 161
334 407
36 436
36 468
37 436
37 436
37 436
26 406
40 24
343 436
47 47
47 164
52 481
350 288
351 351
351 200
60 468
359 489
360 360
68 5
68 96
68 96
68 173
68 173
68 424
364 364
75 75
369 369
81 406
81 406
84 426
88 24
88 406
88 406
88 406
88 406
88 406
88 406
88 406
88 406
88 406
88 406
88 406
88 406
88 406
88 406
88 406
88 406
88 406
88 406
88 406
88 406
88 406
88 406
88 406
88 406
88 406
88 406
88 439
88 249
89 468
374 327
91 68
91 68
91 68
91 88
91 88
91 88
91 91
92 395
96 208
98 485
103 470
104 104
104 439
104 281
104 281
104 281
104 281
379 406
382 382
382 406
382 406
109 208
384 242
387 439
118 118
118 412
118 468
118 472
122 122
122 184
122 471
391 470
131 164
131 178
131 242
131 267
131 271
131 274
131 274
135 135
135 135
135 436
141 93
141 131
141 281
140 242
395 104
395 112
395 395
395 164
395 164
395 413
395 202
395 469
152 109
154 200
164 320
164 320
164 320
164 13
164 24
164 374
164 96
164 208
164 208
164 304
164 304
164 304
163 406
405 405
168 242
407 60
407 362
407 451
169 169
169 169
173 242
173 242
173 242
175 395
175 175
175 175
175 252
175 271
175 471
175 472
176 176
184 406
184 181
415 415
196 122
197 281
419 406
419 468
431 135
208 109
208 109
208 164
208 164
208 301
209 96
435 443
436 436
222 465
228 208
443 443
452 170
248 253
453 436
249 439
253 468
456 22
456 274
462 112
462 249
462 472
464 327
464 406
464 406
464 406
464 242
464 242
464 242
464 242
464 242
464 242
464 242
464 242
464 242
464 464
269 460
468 118
470 103
470 248
471 24
471 24
471 471
275 267
274 24
274 24
274 439
472 417
472 417
472 208
472 470
472 470
472 485
472 485
472 489
279 406
277 22
277 249
285 131
285 471
287 22
287 242
287 267
287 471
289 184
480 68
480 364
480 180
480 180
480 209
480 484
298 391
301 24
301 24
301 24
301 24
301 122
301 173
301 173
301 424
301 424
301 424
301 181
301 208
301 208
304 164
481 406
481 242
315 315
317 471
317 472
