# layer, node1, node2
1 10 0
1 5 0
1 15 0
1 1 0
1 0 33
1 12 0
1 18 0
1 0 17
1 0 19
1 22 0
1 0 21
1 24 0
1 27 0
1 26 0
1 0 11
1 9 0
1 14 0
1 0 16
1 36 0
1 2 1
1 3 4
1 5 4
1 1 4
1 5 1
1 2 4
1 6 2
1 6 4
1 2 7
1 7 8
1 2 8
1 10 9
1 9 11
1 10 11
1 12 1
1 12 5
1 12 13
1 14 1
1 14 5
1 14 12
1 9 2
1 9 7
1 2 11
1 12 11
1 10 12
1 1 11
1 10 1
1 10 15
1 15 1
1 15 11
1 10 5
1 5 16
1 12 16
1 1 16
1 10 16
1 12 15
1 1 17
1 18 17
1 15 17
1 18 1
1 18 15
1 12 19
1 18 19
1 1 19
1 15 19
1 18 12
1 18 20
1 20 1
1 20 15
1 18 21
1 12 21
1 1 21
1 15 21
1 18 22
1 22 15
1 5 11
1 23 9
1 18 24
1 18 25
1 24 25
1 12 24
1 24 1
1 12 25
1 1 25
1 18 5
1 5 21
1 22 17
1 24 17
1 22 1
1 22 24
1 24 15
1 26 27
1 27 21
1 19 21
1 18 27
1 27 12
1 27 15
1 27 19
1 27 1
1 26 12
1 26 15
1 28 1
1 18 28
1 28 25
1 24 21
1 18 10
1 18 16
1 9 29
1 9 12
1 9 1
1 12 29
1 1 29
1 30 1
1 31 1
1 1 32
1 1 33
1 31 30
1 30 32
1 18 30
1 30 33
1 31 32
1 18 31
1 31 33
1 18 32
1 33 32
1 18 33
1 34 9
1 34 29
1 5 32
1 30 5
1 31 5
1 14 15
1 23 2
1 18 14
1 14 10
1 5 15
1 9 35
1 35 2
1 23 35
1 23 7
1 36 16
1 18 36
1 35 12
1 2 15
1 6 8
1 37 36
1 37 16
1 18 37
1 9 15
2 15 0
2 38 0
2 5 0
2 18 0
2 22 0
2 9 39
2 9 40
2 40 39
2 9 30
2 9 32
2 9 31
2 34 9
2 30 32
2 31 30
2 34 30
2 31 32
2 34 32
2 34 31
2 12 5
2 18 12
2 18 5
2 38 12
2 38 5
2 18 38
2 12 15
2 18 15
2 5 3
2 18 11
2 15 41
2 18 41
2 42 41
2 43 41
2 42 15
2 15 43
2 18 42
2 18 43
2 42 43
2 5 32
2 30 5
2 5 44
2 45 44
2 45 5
2 46 44
2 46 47
2 46 5
2 47 44
2 47 5
2 18 17
2 18 22
2 22 15
2 22 48
2 49 22
2 22 50
2 18 48
2 18 49
2 18 50
2 49 48
2 48 15
2 50 48
2 49 15
2 49 50
2 50 15
2 18 21
2 34 5
2 9 5
2 5 39
2 34 39
2 34 12
2 9 12
2 39 32
2 12 32
2 30 39
2 12 30
2 12 39
2 5 15
2 18 30
2 30 15
2 12 40
2 51 15
2 51 47
2 53 52
2 2 52
2 2 53
2 5 52
2 5 53
2 2 5
2 51 5
2 18 52
2 18 53
2 18 2
2 18 51
2 15 52
2 51 52
2 15 53
2 51 53
2 2 15
2 51 2
2 51 30
2 31 54
2 51 32
2 15 32
2 18 32
2 51 9
3 9 0
3 51 0
3 5 0
3 18 0
3 56 0
3 22 0
3 34 0
3 30 0
3 15 0
3 0 32
3 18 5
3 5 55
3 18 55
3 9 5
3 51 5
3 18 9
3 18 51
3 51 9
3 56 5
3 18 56
3 18 34
3 18 22
3 34 5
3 22 5
3 34 9
3 22 9
3 34 22
3 34 15
3 18 15
3 18 32
3 34 57
3 34 58
3 34 59
3 57 15
3 57 58
3 57 59
3 58 15
3 59 15
3 59 58
3 18 30
3 30 32
3 30 5
3 5 32
3 38 15
3 22 15
3 22 38
3 18 38
3 60 32
3 5 15
3 61 5
3 18 12
3 9 12
3 5 62
3 56 2
3 9 15
3 18 61
3 61 30
3 61 32
3 9 30
3 34 63
3 34 32
3 9 2
3 1 32
3 34 1
3 22 32
3 64 9
3 22 63
4 22 0
4 66 0
4 5 0
4 69 0
4 72 0
4 65 0
4 73 0
4 65 5
4 22 65
4 65 66
4 65 72
4 65 0
4 65 69
4 65 64
4 65 73
4 67 66
4 68 67
4 68 66
4 64 69
4 49 66
4 49 48
4 49 22
4 66 48
4 22 66
4 22 48
4 22 69
4 69 66
4 49 69
4 66 5
4 22 5
4 69 5
4 70 71
4 64 70
4 64 71
4 72 5
4 72 66
4 28 72
4 72 27
4 22 72
4 69 70
4 69 71
4 72 69
4 64 5
4 73 74
4 73 75
4 73 66
4 74 75
4 74 66
4 66 75
4 68 69
4 69 76
4 66 76
4 68 76
4 68 22
4 22 76
4 76 75
4 74 76
4 68 75
4 76 77
4 68 74
4 66 77
5 22 0
5 65 0
5 66 0
5 72 0
5 69 0
5 0 32
5 5 0
5 64 0
5 46 0
5 87 0
5 65 72
5 22 65
5 65 0
5 65 66
5 65 69
5 65 87
5 65 64
5 46 65
5 72 66
5 72 79
5 69 79
5 72 69
5 22 72
5 22 80
5 66 5
5 72 5
5 72 81
5 22 66
5 22 69
5 69 66
5 22 79
5 83 82
5 64 82
5 64 83
5 80 69
5 84 66
5 66 75
5 85 75
5 66 81
5 64 86
5 86 82
5 64 9
5 66 32
5 46 82
5 46 64
5 72 87
5 87 69
5 22 87
5 5 32
5 64 87
5 64 72
5 46 87
5 46 22
5 22 64
5 46 72
5 46 69
5 64 69
5 64 66
5 87 66
6 22 0
6 65 0
6 87 0
6 27 0
6 66 0
6 89 0
6 72 0
6 69 0
6 0 32
6 64 0
6 9 0
6 22 65
6 65 0
6 65 87
6 65 27
6 65 72
6 65 66
6 65 69
6 65 64
6 64 88
6 89 22
6 22 27
6 22 66
6 27 66
6 90 27
6 90 22
6 90 72
6 90 69
6 72 69
6 22 72
6 22 69
6 89 66
6 89 27
6 72 66
6 69 66
6 87 66
6 72 87
6 87 69
6 64 9
6 66 32
6 66 5
6 72 58
6 91 72
6 87 58
6 91 87
6 22 87
6 91 58
6 22 58
6 69 58
6 66 58
6 91 22
6 91 69
6 91 66
6 64 82
6 64 66
6 9 66
6 87 75
6 91 75
6 18 64
6 18 66
